{
  "taglist": [
    4,
    5,
    3,
    2,
    1
  ],
  "map": [
    [
      0.556313508110517,
      0.6895919591449519,
      0.2180793722939136,
      -0.23714578399693145,
      0.057420266549988656
    ],
    [
      0.0067909446483849865,
      -0.5682619851306996,
      -0.8133902624324305,
      -0.3930898749326356,
      0.48125663850484174
    ]
  ],
  "covariance": [
    [
      9.999999999599944e-13,
      -6.708437691569574e-26,
      9.997166360218618e-13,
      -6.333256666097601e-17,
      9.996034402604938e-13,
      1.4976366393313004e-16,
      9.998025170358268e-13,
      3.615479457945906e-16,
      1.0002099025926635e-12,
      2.1703020011966498e-16
    ],
    [
      -6.708437691569574e-26,
      9.999999999653563e-13,
      2.2473942416103473e-14,
      1.005023008560057e-12,
      3.14514099053875e-14,
      9.881219948002027e-13,
      1.5662085028508382e-14,
      9.713248498621657e-13,
      -1.6648885727205117e-14,
      9.827869058518684e-13
    ],
    [
      9.997166360218618e-13,
      2.2473942416103473e-14,
      0.03175256440225064,
      0.006917247390021737,
      0.04408436316521765,
      -0.016526500653654394,
      0.022108198605900384,
      -0.03990935842008686,
      -0.02293535988295867,
      -0.02395910101840363
    ],
    [
      -6.333256666097601e-17,
      1.005023008560057e-12,
      0.006917247390021737,
      0.0037473203952643557,
      0.010053406356551739,
      -0.0028336598179647867,
      0.004914421937939867,
      -0.008345243546362898,
      -0.0054880467390379835,
      -0.004660289624963559
    ],
    [
      9.996034402604938e-13,
      3.14514099053875e-14,
      0.04408436316521765,
      0.010053406356551739,
      0.06529816930762708,
      -0.024447561961664442,
      0.03249132960592468,
      -0.05899149148901628,
      -0.03395667907549559,
      -0.035377701110140866
    ],
    [
      1.4976366393313004e-16,
      9.881219948002027e-13,
      -0.016526500653654394,
      -0.0028336598179647867,
      -0.024447561961664442,
      0.011897237030744445,
      -0.011897881224789714,
      0.024889721830688997,
      0.013909429090107924,
      0.015594603500799279
    ],
    [
      9.998025170358268e-13,
      1.5662085028508382e-14,
      0.022108198605900384,
      0.004914421937939867,
      0.03249132960592468,
      -0.011897881224789714,
      0.018340675318153022,
      -0.02830665228644223,
      -0.013988121688039694,
      -0.01698749435235332
    ],
    [
      3.615479457945906e-16,
      9.713248498621657e-13,
      -0.03990935842008686,
      -0.008345243546362898,
      -0.05899149148901628,
      0.024889721830688997,
      -0.02830665228644223,
      0.059504175378910104,
      0.03552717487104938,
      0.036221760768602604
    ],
    [
      1.0002099025926635e-12,
      -1.6648885727205117e-14,
      -0.02293535988295867,
      -0.0054880467390379835,
      -0.03395667907549559,
      0.013909429090107924,
      -0.013988121688039694,
      0.03552717487104938,
      0.030941278397631475,
      0.020724042365711914
    ],
    [
      2.1703020011966498e-16,
      9.827869058518684e-13,
      -0.02395910101840363,
      -0.004660289624963559,
      -0.035377701110140866,
      0.015594603500799279,
      -0.01698749435235332,
      0.036221760768602604,
      0.020724042365711914,
      0.02437328954656498
    ]
  ]
}