{
  "taglist": [
    4,
    5,
    3,
    2,
    1
  ],
  "map": [
    [
      0.5699824775138834,
      0.6435880775419976,
      0.13946675189308122,
      -0.29207200204853,
      0.07678858346886218
    ],
    [
      0.0505098626045217,
      -0.5438632113242619,
      -0.7484853272759076,
      -0.2794057250999323,
      0.5691379974593475
    ]
  ],
  "covariance": [
    [
      9.999999999599944e-13,
      -6.708396337898887e-26,
      9.997172108130915e-13,
      -6.320558305601153e-17,
      9.996042891852342e-13,
      1.4941583118337382e-16,
      9.998029152295978e-13,
      3.606996479371054e-16,
      1.0002093156944369e-12,
      2.1651047000960712e-16
    ],
    [
      -6.708396337898887e-26,
      9.999999999653563e-13,
      2.2428353721014758e-14,
      1.0050129370479057e-12,
      3.138407872632394e-14,
      9.881495826275186e-13,
      1.5630502893116908e-14,
      9.713921313209174e-13,
      -1.6602336783967193e-14,
      9.828281274577627e-13
    ],
    [
      9.997172108130915e-13,
      2.2428353721014758e-14,
      0.03168919884933418,
      0.006903248591965941,
      0.043990776863140464,
      -0.01648815522770438,
      0.02206430133120391,
      -0.03981584122626119,
      -0.022870659642686236,
      -0.023901805457640108
    ],
    [
      -6.320558305601153e-17,
      1.0050129370479057e-12,
      0.006903248591965941,
      0.0037442277631008596,
      0.010032731152386867,
      -0.0028251884979883703,
      0.004904724096519854,
      -0.008324583609680318,
      -0.005473753080164184,
      -0.004647631817247758
    ],
    [
      9.996042891852342e-13,
      3.138407872632394e-14,
      0.043990776863140464,
      0.010032731152386867,
      0.06515994916224249,
      -0.024390928563057954,
      0.032426496531469735,
      -0.05885337341148098,
      -0.03386112153749717,
      -0.035293079743948984
    ],
    [
      1.4941583118337382e-16,
      9.881495826275186e-13,
      -0.01648815522770438,
      -0.0028251884979883703,
      -0.024390928563057954,
      0.011874032440496063,
      -0.011871316954159886,
      0.024833130252680944,
      0.013870275983125862,
      0.015559931307763755
    ],
    [
      9.998029152295978e-13,
      1.5630502893116908e-14,
      0.02206430133120391,
      0.004904724096519854,
      0.032426496531469735,
      -0.011871316954159886,
      0.01831026493527004,
      -0.028241867087587906,
      -0.013943299792081476,
      -0.016947802140197595
    ],
    [
      3.606996479371054e-16,
      9.713921313209174e-13,
      -0.03981584122626119,
      -0.008324583609680318,
      -0.05885337341148098,
      0.024833130252680944,
      -0.028241867087587906,
      0.059366159293852666,
      0.03543168789694988,
      0.03613720189055831
    ],
    [
      1.0002093156944369e-12,
      -1.6602336783967193e-14,
      -0.022870659642686236,
      -0.005473753080164184,
      -0.03386112153749717,
      0.013870275983125862,
      -0.013943299792081476,
      0.03543168789694988,
      0.030875215357088412,
      0.02066553997162989
    ],
    [
      2.1651047000960712e-16,
      9.828281274577627e-13,
      -0.023901805457640108,
      -0.004647631817247758,
      -0.035293079743948984,
      0.015559931307763755,
      -0.016947802140197595,
      0.03613720189055831,
      0.02066553997162989,
      0.024321482513688087
    ]
  ]
}