{
  "taglist": [
    5,
    9,
    8,
    10,
    1,
    2,
    3,
    7,
    4,
    6
  ],
  "map": [
    [
      0.5916690269356121,
      -0.6944193620434385,
      -0.12414155172026337,
      0.37617941980343783,
      1.0282217158642268,
      0.42916869901161275,
      -0.34429885492752776,
      -0.6555969825755398,
      -0.9045713872374862,
      -1.1574013199803568
    ],
    [
      -0.06435366783004479,
      -0.18940381455995547,
      0.5908067122493231,
      1.153060434814576,
      -0.9561657639418218,
      -1.0810065189467875,
      -0.8393836608668463,
      -1.5447073211281446,
      -1.0444120495437301,
      0.44996592698270377
    ]
  ],
  "covariance": [
    [
      0.037103738578817505,
      0.0007781945643133357,
      0.03710819230441039,
      0.0006422391575742054,
      0.0370334798059964,
      0.0007050631278965479,
      0.03698624051301017,
      0.0007612728580651542,
      0.03719318089825156,
      0.00081757063339747,
      0.0372039500727373,
      0.0007566020876010912,
      0.037177345040788776,
      0.0006790665846213607,
      0.037244478012575605,
      0.0006427458999276846,
      0.0371922650170993,
      0.0006199608534831779,
      0.03704182619882288,
      0.0005913516437382866
    ],
    [
      0.0007781945643133357,
      0.043892929471856905,
      0.0008175345337904155,
      0.04269211904232729,
      0.00015764458307648108,
      0.0432470050268859,
      -0.0002595891430276305,
      0.04374347031479059,
      0.0015682039167658971,
      0.044240723383071466,
      0.0016633207232525336,
      0.04370221837257791,
      0.0014283280760813864,
      0.04301739207699329,
      0.0020212839221814493,
      0.042696588501556235,
      0.0015601114782006892,
      0.042495339243660585,
      0.0002313648931137317,
      0.042242658764826704
    ],
    [
      0.03710819230441039,
      0.0008175345337904155,
      0.03882357183724368,
      -0.0038121545009889347,
      0.035452408924914997,
      -0.0013923491270927688,
      0.03383616556480126,
      0.0004402662222280949,
      0.04076222008520464,
      0.0024039897454015105,
      0.04133423060139252,
      -2.3350328829842365e-05,
      0.04066853175661131,
      -0.0026263874018576687,
      0.04281590826872466,
      -0.0037754078508843484,
      0.04114045523715161,
      -0.004504604297868288,
      0.03634218723687195,
      -0.005616592529030966
    ],
    [
      0.0006422391575742054,
      0.04269211904232729,
      -0.0038121545009889347,
      0.17446456326647553,
      0.06867434470803914,
      0.11354879617329841,
      0.11446069423490215,
      0.05907568631355198,
      -0.086103889602474,
      0.0045049029614469835,
      -0.09655965410851029,
      0.06362924001714164,
      -0.07079354448666507,
      0.1387762530961424,
      -0.13585006423746612,
      0.1739722589827885,
      -0.08525177555385181,
      0.19605248103212894,
      0.06053132844660924,
      0.22379287545789417
    ],
    [
      0.0370334798059964,
      0.00015764458307648108,
      0.035452408924914997,
      0.06867434470803914,
      0.07511341435342372,
      0.03716189201940371,
      0.09892432152414105,
      0.008788682431111144,
      -0.008249613933122592,
      -0.019822994590614054,
      -0.013578123021872314,
      0.01092041148926726,
      4.889488940269877e-05,
      0.050140073193702436,
      -0.03410386224885058,
      0.06862328215341873,
      -0.0075421405518900295,
      0.08021883617367048,
      0.06988712387476462,
      0.09513027197035495
    ],
    [
      0.0007050631278965479,
      0.0432470050268859,
      -0.0013923491270927688,
      0.11354879617329841,
      0.03716189201940371,
      0.08289424642940382,
      0.06239237517248089,
      0.05266252398149772,
      -0.04568306559382787,
      0.02283956770869432,
      -0.051113085210230405,
      0.05451410243411321,
      -0.037179430738102134,
      0.09481395051167282,
      -0.07196970506909373,
      0.11360904359867896,
      -0.04491442266884005,
      0.12541027570882496,
      0.0326702752748031,
      0.13981062240538442
    ],
    [
      0.03698624051301017,
      -0.0002595891430276305,
      0.03383616556480126,
      0.11446069423490215,
      0.09892432152414105,
      0.06239237517248089,
      0.14920395187242577,
      0.010095215120171646,
      -0.040078202909079076,
      -0.03430227706550403,
      -0.048708135672720004,
      0.01767032606747791,
      -0.02566061622687768,
      0.08347562014619109,
      -0.08329070015204441,
      0.11465517263492749,
      -0.03851398119362157,
      0.13422625086315418,
      0.09092029282583247,
      0.1584217565931323
    ],
    [
      0.0007612728580651542,
      0.04374347031479059,
      0.0004402662222280949,
      0.05907568631355198,
      0.008788682431111144,
      0.05266252398149772,
      0.010095215120171646,
      0.05334496153791623,
      -0.008319984007265038,
      0.03981198265469549,
      -0.009757347900165053,
      0.046383691286038364,
      -0.006951470392919796,
      0.05509733354924824,
      -0.014088637624512016,
      0.05894503252179078,
      -0.008506417709295376,
      0.061358273535969406,
      0.007682891744646332,
      0.06462922699449777
    ],
    [
      0.03719318089825156,
      0.0015682039167658971,
      0.04076222008520464,
      -0.086103889602474,
      -0.008249613933122592,
      -0.04568306559382787,
      -0.040078202909079076,
      -0.008319984007265038,
      0.1211691525533194,
      0.03846294589777561,
      0.1167030371327264,
      -0.010409165545681694,
      0.09085246467920506,
      -0.06260148289572662,
      0.1387008806940982,
      -0.08831501475415543,
      0.1017175710645709,
      -0.10437447920185766,
      -0.003996193987854381,
      -0.12131162458952047
    ],
    [
      0.00081757063339747,
      0.044240723383071466,
      0.0024039897454015105,
      0.0045049029614469835,
      -0.019822994590614054,
      0.02283956770869432,
      -0.03430227706550403,
      0.03981198265469549,
      0.03846294589777561,
      0.06555784510756472,
      0.03720350941281066,
      0.040174026909650586,
      0.02533144785022344,
      0.015358435641665114,
      0.047582370552750546,
      0.003438727182799719,
      0.030396916219677078,
      -0.004013392143199996,
      -0.017976689780763194,
      -0.01152253777671574
    ],
    [
      0.0372039500727373,
      0.0016633207232525336,
      0.04133423060139252,
      -0.09655965410851029,
      -0.013578123021872314,
      -0.051113085210230405,
      -0.048708135672720004,
      -0.009757347900165053,
      0.1167030371327264,
      0.03720350941281066,
      0.12855260235393645,
      -0.012512560180193305,
      0.09773623939668903,
      -0.07044841718151035,
      0.151098483411526,
      -0.09915806685306042,
      0.10980638628816608,
      -0.11708819936618184,
      -0.008899455470335908,
      -0.13615038468687982
    ],
    [
      0.0007566020876010912,
      0.04370221837257791,
      -2.3350328829842365e-05,
      0.06362924001714164,
      0.01092041148926726,
      0.05451410243411321,
      0.01767032606747791,
      0.046383691286038364,
      -0.010409165545681694,
      0.040174026909650586,
      -0.012512560180193305,
      0.05968672662863032,
      -0.00944440494870548,
      0.05976091904797101,
      -0.016218030035372876,
      0.0637332139697482,
      -0.011020521687675701,
      0.06606262888765935,
      0.009308979156450539,
      0.07095476357378414
    ],
    [
      0.037177345040788776,
      0.0014283280760813864,
      0.04066853175661131,
      -0.07079354448666507,
      4.889488940269877e-05,
      -0.037179430738102134,
      -0.02566061622687768,
      -0.006951470392919796,
      0.09085246467920506,
      0.02533144785022344,
      0.09773623939668903,
      -0.00944440494870548,
      0.08414532992046514,
      -0.05125173867101949,
      0.12220135672681454,
      -0.07201106600589635,
      0.09243687787630593,
      -0.08499940457939306,
      0.0030461027143332082,
      -0.10065856000572379
    ],
    [
      0.0006790665846213607,
      0.04301739207699329,
      -0.0026263874018576687,
      0.1387762530961424,
      0.050140073193702436,
      0.09481395051167282,
      0.08347562014619109,
      0.05509733354924824,
      -0.06260148289572662,
      0.015358435641665114,
      -0.07044841718151035,
      0.05976091904797101,
      -0.05125173867101949,
      0.11660558663266801,
      -0.09876434359191125,
      0.14201229819568476,
      -0.061780538478134805,
      0.15809439766558983,
      0.043812354347726706,
      0.17506925828875036
    ],
    [
      0.037244478012575605,
      0.0020212839221814493,
      0.04281590826872466,
      -0.13585006423746612,
      -0.03410386224885058,
      -0.07196970506909373,
      -0.08329070015204441,
      -0.014088637624512016,
      0.1387008806940982,
      0.047582370552750546,
      0.151098483411526,
      -0.016218030035372876,
      0.12220135672681454,
      -0.09876434359191125,
      0.2080528013577492,
      -0.14271859167029394,
      0.1425017709663554,
      -0.1701480655703455,
      -0.027689693554850393,
      -0.19136460489568569
    ],
    [
      0.0006427458999276846,
      0.042696588501556235,
      -0.0037754078508843484,
      0.1739722589827885,
      0.06862328215341873,
      0.11360904359867896,
      0.11465517263492749,
      0.05894503252179078,
      -0.08831501475415543,
      0.003438727182799719,
      -0.09915806685306042,
      0.0637332139697482,
      -0.07201106600589635,
      0.14201229819568476,
      -0.14271859167029394,
      0.18514716375090506,
      -0.08781753021993569,
      0.20670897935391727,
      0.06052837181791227,
      0.22417209628375162
    ],
    [
      0.0371922650170993,
      0.0015601114782006892,
      0.04114045523715161,
      -0.08525177555385181,
      -0.0075421405518900295,
      -0.04491442266884005,
      -0.03851398119362157,
      -0.008506417709295376,
      0.1017175710645709,
      0.030396916219677078,
      0.10980638628816608,
      -0.011020521687675701,
      0.09243687787630593,
      -0.061780538478134805,
      0.1425017709663554,
      -0.08781753021993569,
      0.10775180405598017,
      -0.10389049346456077,
      -0.0037432046165527724,
      -0.12075117263948079
    ],
    [
      0.0006199608534831779,
      0.042495339243660585,
      -0.004504604297868288,
      0.19605248103212894,
      0.08021883617367048,
      0.12541027570882496,
      0.13422625086315418,
      0.061358273535969406,
      -0.10437447920185766,
      -0.004013392143199996,
      -0.11708819936618184,
      0.06606262888765935,
      -0.08499940457939306,
      0.15809439766558983,
      -0.1701480655703455,
      0.20670897935391727,
      -0.10389049346456077,
      0.23761739710437907,
      0.07098556169549837,
      0.2549801842614879
    ],
    [
      0.03704182619882288,
      0.0002313648931137317,
      0.03634218723687195,
      0.06053132844660924,
      0.06988712387476462,
      0.0326702752748031,
      0.09092029282583247,
      0.007682891744646332,
      -0.003996193987854381,
      -0.017976689780763194,
      -0.008899455470335908,
      0.009308979156450539,
      0.0030461027143332082,
      0.043812354347726706,
      -0.027689693554850393,
      0.06052837181791227,
      -0.0037432046165527724,
      0.07098556169549837,
      0.08105788523471262,
      0.0911110699372865
    ],
    [
      0.0005913516437382866,
      0.042242658764826704,
      -0.005616592529030966,
      0.22379287545789417,
      0.09513027197035495,
      0.13981062240538442,
      0.1584217565931323,
      0.06462922699449777,
      -0.12131162458952047,
      -0.01152253777671574,
      -0.13615038468687982,
      0.07095476357378414,
      -0.10065856000572379,
      0.17506925828875036,
      -0.19136460489568569,
      0.22417209628375162,
      -0.12075117263948079,
      0.2549801842614879,
      0.0911110699372865,
      0.30351245133060945
    ]
  ]
}